10 0.166016 0.492188 0.15039 0.500977 0.132812 0.467773 0.148438 0.458007
10 0.276367 0.179688 0.260743 0.188476 0.245117 0.156251 0.261719 0.146485
10 0.27832 0.321289 0.263671 0.331055 0.24707 0.301758 0.260743 0.291992
10 0.183594 0.225586 0.168946 0.231446 0.160157 0.206054 0.173828 0.200195
14 0.506836 0.16211 0.689453 0.168945 0.682617 0.298828 0.499023 0.289062
4 0.816406 0.21582 0.900391 0.22168 0.889648 0.396484 0.808593 0.391602
4 0.90332 0.545898 0.987304 0.549805 0.978515 0.727539 0.891601 0.72168
4 0.771485 0.506836 0.853515 0.510742 0.844726 0.6875 0.760742 0.683594
4 0.636719 0.498047 0.719726 0.503907 0.709961 0.679688 0.625977 0.673829
4 0.500976 0.516601 0.584961 0.521485 0.575195 0.698242 0.491211 0.692383
4 0.366211 0.509766 0.451173 0.515625 0.441406 0.69043 0.356446 0.683594
4 0.224609 0.646484 0.307617 0.651367 0.297852 0.828125 0.214844 0.821289
4 0.0927734 0.638672 0.175781 0.644532 0.165039 0.820312 0.0800782 0.81543
